K,1,0,232.3125,0
K,2,-6.1733,-242.3125,0
K,3,1,233.3125,0
K,4,8,239.3125,0
K,5,12,241.3125,0
K,6,19,242.3125,0
K,7,22,242.3125,0
K,8,30,241.3125,0
K,9,35,240.3125,0
K,10,37,239.3125,0
K,11,42,235.3125,0
K,12,44,232.3125,0
K,13,45,229.3125,0
K,14,45,223.3125,0
K,15,46,218.3125,0
K,16,48,213.3125,0
K,17,52,209.3125,0
K,18,57,206.3125,0
K,19,59,205.3125,0
K,20,63,207.3125,0
K,21,67,209.3125,0
K,22,78,209.3125,0
K,23,83,206.3125,0
K,24,86,201.3125,0
K,25,88,193.3125,0
K,26,89,184.3125,0
K,27,89,179.3125,0
K,28,88,173.3125,0
K,29,87,169.3125,0
K,30,86,166.3125,0
K,31,84,166.3125,0
K,32,81,164.3125,0
K,33,78,160.3125,0
K,34,74,153.3125,0
K,35,66,134.3125,0
K,36,64,128.3125,0
K,37,62,122.3125,0
K,38,59,112.3125,0
K,39,57,106.3125,0
K,40,55,101.3125,0
K,41,52,94.3125,0
K,42,49,87.3125,0
K,43,47,81.3125,0
K,44,45,73.3125,0
K,45,43,67.3125,0
K,46,41,60.3125,0
K,47,39,54.3125,0
K,48,36,43.3125,0
K,49,35,39.3125,0
K,50,33,30.3125,0
K,51,32,25.3125,0
K,52,31,21.3125,0
K,53,27,6.3125,0
K,54,23.2353,-8.6875,0
K,55,19,-26.6875,0
K,56,16.4118,-37.6875,0
K,57,13,-58.6875,0
K,58,10,-83.6875,0
K,59,5,-111.6875,0
K,60,0,-142.6875,0
K,61,0,-172.6875,0
K,62,4,-189.6875,0
K,63,8,-197.6875,0
K,64,10,-206.6875,0
K,65,9,-216.6875,0
K,66,7,-228.6875,0
K,67,5,-235.6875,0
K,68,0,-240.6875,0
K,69,-13,-241.6875,0
K,70,-22,-238.6875,0
K,71,-29.8404,-234.6875,0
K,72,-34,-231.6875,0
K,73,-38,-229.6875,0
K,74,-40,-229.6875,0
K,75,-47,-232.6875,0
K,76,-54,-237.6875,0
K,77,-62,-239.6875,0
K,78,-73,-239.6875,0
K,79,-79,-236.6875,0
K,80,-82,-233.6875,0
K,81,-83,-228.6875,0
K,82,-86,-222.6875,0
K,83,-89,-214.6875,0
K,84,-86,-197.6875,0
K,85,-84,-190.6875,0
K,86,-78,-184.6875,0
K,87,-73,-180.6875,0
K,88,-67,-174.6875,0
K,89,-61,-165.6875,0
K,90,-51,-142.6875,0
K,91,-46,-126.6875,0
K,92,-41,-111.6875,0
K,93,-37,-96.6875,0
K,94,-35,-86.6875,0
K,95,-30,-68.6875,0
K,96,-23,-47.6875,0
K,97,-17.1176,-27.6875,0
K,98,-12,-7.6875,0
K,99,-9.1176,6.3125,0
K,100,-5.5882,21.3125,0
K,101,-3,32.3125,0
K,102,2,49.3125,0
K,103,5,62.3125,0
K,104,8,72.3125,0
K,105,11,84.3125,0
K,106,17,105.3125,0
K,107,20,115.3125,0
K,108,21,121.3125,0
K,109,22,126.3125,0
K,110,23,130.3125,0
K,111,23,133.3125,0
K,112,21,138.3125,0
K,113,20,143.3125,0
K,114,21,149.3125,0
K,115,24,152.3125,0
K,116,24,154.3125,0
K,117,23,162.3125,0
K,118,21,172.3125,0
K,119,20,176.3125,0
K,120,19,181.3125,0
K,121,16,189.3125,0
K,122,13,193.3125,0
K,123,10,196.3125,0
K,124,6,197.3125,0
K,125,4,198.3125,0
K,126,2,201.3125,0
K,127,0,204.3125,0
K,128,-2,206.3125,0
K,129,-3,208.3125,0
K,130,-4,214.3125,0
K,131,-4,218.3125,0
K,132,-3,225.3125,0
